List of avaible enchantement ids:
8
9
10
11
12
13
22
23
24
25
26
27
28
29
30
31
38
39
40
41
42
43
44
45
46
47
53
54
55
56
57
58
59
60
63
64
65
74
75
76
77
78
79
80
81
82
83
84
85
86
87
88
89
90
91
92
93
104
105
106
107
108
109
110
114
115
116
117
118
119
120
121
139
140
141
142
143
144
145
146
147
148
149
152
153
154
155
156
157
158
159
174
175
176
177
178
179
180
181
182
183
184
185
186
187
188
189
193
194
195
198
199
200
201
202
205
206
207
208
209
210
211
212
213
214
215
216
217
218
219
220
221
222
223
224
225
230
231
232
233
234
235
236
237
238
239
240
241
242
243
244
245
246
247
248
249
250
251
252
253
254
